theta0 = 8008.239461283787
theta1 = -0.02144652747699434
